DriveDataHighway = [0
0
0
2
4.9
8.1
11.3
14.5
17.3
19.6
21.8
24
25.8
27.1
28
29
30
30.7
31.5
32.2
32.9
33.5
34.1
34.6
34.9
35.1
35.7
35.9
35.8
35.3
34.9
34.5
34.6
34.8
35.1
35.7
36.1
36.2
36.5
36.7
36.9
37
37
37
37
37
37
37.1
37.3
37.8
38.6
39.3
40
40.7
41.4
42.2
42.9
43.5
44
44.3
44.5
44.8
44.9
45
45.1
45.4
45.7
46
46.3
46.5
46.8
46.9
47
47.1
47.2
47.3
47.2
47.1
47
46.9
46.9
46.9
47
47.1
47.1
47.2
47.1
47
46.9
46.5
46.3
46.2
46.3
46.5
46.9
47.1
47.4
47.7
48
48.2
48.5
48.8
49.1
49.2
49.1
49.1
49
49
49.1
49.2
49.3
49.4
49.5
49.5
49.5
49.4
49.1
48.9
48.6
48.4
48.1
47.7
47.4
47.3
47.5
47.8
47.9
48
47.9
47.9
47.9
48
48
48
47.9
47.3
46
43.3
41.2
39.5
39.2
39
39
39.1
39.5
40.1
41
42
43.1
43.7
44.1
44.3
44.4
44.6
44.7
44.9
45.2
45.7
45.9
46.3
46.8
46.9
47
47.1
47.6
47.9
48
48
47.9
47.8
47.3
46.7
46.2
45.9
45.7
45.5
45.4
45.3
45
44
43.1
42.2
41.5
41.5
42.1
42.9
43.5
43.9
43.6
43.3
43
43.1
43.4
43.9
44.3
44.6
44.9
44.8
44.4
43.9
43.4
43.2
43.2
43.1
43
43
43.1
43.4
43.9
44
43.5
42.6
41.5
40.7
40
40
40.3
41
42
42.7
43.1
43.2
43.4
43.9
44.3
44.7
45.1
45.4
45.8
46.5
46.9
47.2
47.4
47.3
47.3
47.2
47.2
47.2
47.1
47
47
46.9
46.8
46.9
47
47.2
47.5
47.9
48
48
48
48
48
48.1
48.2
48.2
48.1
48.6
48.9
49.1
49.1
49.1
49.1
49.1
49
48.9
48.2
47.7
47.5
47.2
46.7
46.2
46
45.8
45.6
45.4
45.2
45
44.7
44.5
44.2
43.5
42.8
42
40.1
38.6
37.5
35.8
34.7
34
33.3
32.5
31.7
30.6
29.6
28.8
28.4
28.6
29.5
31.4
33.4
35.6
37.5
39.1
40.2
41.1
41.8
42.4
42.8
43.3
43.8
44.3
44.7
45
45.2
45.4
45.5
45.8
46
46.1
46.5
46.8
47.1
47.7
48.3
49
49.7
50.3
51
51.7
52.4
53.1
53.8
54.5
55.2
55.8
56.4
56.9
57
57.1
57.3
57.6
57.8
58
58.1
58.4
58.7
58.8
58.9
59
59
58.9
58.8
58.6
58.4
58.2
58.1
58
57.9
57.6
57.4
57.2
57.1
57
57
56.9
56.9
56.9
57
57
57
57
57
57
57
57
57
56.9
56.8
56.5
56.2
56
56
56
56.1
56.4
56.7
56.9
57.1
57.3
57.4
57.4
57.2
57
56.9
56.6
56.3
56.1
56.4
56.7
57.1
57.5
57.8
58
58
58
58
58
58
57.9
57.8
57.7
57.7
57.8
57.9
58
58.1
58.4
58.9
59.1
59.4
59.8
59.9
59.9
59.8
59.6
59.4
59.2
59.1
59
58.9
58.7
58.6
58.5
58.4
58.4
58.3
58.2
58.1
58
57.9
57.9
57.9
57.9
57.9
58
58.1
58.1
58.2
58.2
58.2
58.1
58
58
58
58
58
58
57.9
57.9
58
58.1
58.1
58.2
58.3
58.3
58.3
58.2
58.1
58
57.8
57.5
57.1
57
56.6
56.1
56
55.8
55.5
55.2
55.1
55
54.9
54.9
54.9
54.9
54.9
54.9
55
55
55
55
55
55
55.1
55.1
55
54.9
54.9
54.8
54.7
54.6
54.4
54.3
54.3
54.2
54.1
54.1
54.1
54
54
54
54
54
54
54
54
54.1
54.2
54.5
54.8
54.9
55
55.1
55.2
55.2
55.3
55.4
55.5
55.6
55.7
55.8
55.9
56
56
56
56
56
56
56
56
56
56
56
56
56
56
55.9
55.9
55.9
55.8
55.6
55.4
55.2
55.1
55
54.9
54.6
54.4
54.2
54.1
53.8
53.4
53.3
53.1
52.9
52.6
52.4
52.2
52.1
52
52
52
52
52.1
52
52
51.9
51.6
51.4
51.1
50.7
50.3
49.8
49.3
48.7
48.2
48.1
48
48
48.1
48.4
48.9
49
49.1
49.1
49
49
48.9
48.6
48.3
48
47.9
47.8
47.7
47.9
48.3
49
49.1
49
48.9
48
47.1
46.2
46.1
46.1
46.2
46.9
47.8
49
49.7
50.6
51.5
52.2
52.7
53
53.6
54
54.1
54.4
54.7
55.1
55.4
55.4
55
54.5
53.6
52.5
50.2
48.2
46.5
46.2
46
46
46.3
46.8
47.5
48.2
48.8
49.5
50.2
50.7
51.1
51.7
52.2
52.5
52.1
51.6
51.1
51
51
51.1
51.4
51.7
52
52.2
52.5
52.8
52.7
52.6
52.3
52.3
52.4
52.5
52.7
52.7
52.4
52.1
51.7
51.1
50.5
50.1
49.8
49.7
49.6
49.5
49.5
49.7
50
50.2
50.6
51.1
51.6
51.9
52
52.1
52.4
52.9
53.3
53.7
54.2
54.5
54.8
55
55.5
55.9
56.1
56.3
56.4
56.5
56.7
56.9
57
57.3
57.7
58.2
58.8
59.1
59.2
59.1
58.8
58.5
58.1
57.7
57.3
57.1
56.8
56.5
56.2
55.5
54.6
54.1
53.7
53.2
52.9
52.5
52
51.3
50.5
49.5
48.5
47.6
46.8
45.6
44.2
42.5
39.2
35.9
32.6
29.3
26.8
24.5
21.5
19.5
17.4
15.1
12.4
9.7
7
5
3.3
2
0.7
0
0
0];
TimeHighway = (0:1:765)';